c Strong graph for shortest paths problem
c extended DIMACS format
c
t strong-graph-20-380--2534
c
p sp         20        380
c
n          1
c
a          1         17        -99
a          1          9        -70
a          1         20       -238
a          1         10       -245
a          1         16        -77
a          1          3       -251
a          1         18       -168
a          1         11       -116
a          1          7       -221
a          1          5       -166
a          1          4       -324
a          1         19        -53
a          1         14        -30
a          1         13        -93
a          1          6       -163
a          1          8        -77
a          1         15        -96
a          1         12         18
a          1          2       -155
a          2         11         46
a          2         16        103
a          2          3        -50
a          2         10         26
a          2          7        -59
a          2          5        -22
a          2         14         96
a          2         13         18
a          2         15       -165
a          2         12          4
a          2          8         -3
a          2          1        135
a          2         18         32
a          2          9         32
a          2         19         21
a          2          6          5
a          2         17        -80
a          2         20       -173
a          2          4       -264
a          3          7         39
a          3         19         32
a          3          1        176
a          3         12        121
a          3          6        -24
a          3         17         10
a          3         16        215
a          3          5         17
a          3          9        124
a          3         15         24
a          3         11        142
a          3         20        -81
a          3          8        198
a          3         10        -15
a          3          4       -114
a          3         18         68
a          3         14        116
a          3          2        184
a          3         13        111
a          4         16        210
a          4         15        187
a          4          3          2
a          4         13         89
a          4          9         85
a          4          7         57
a          4         10        203
a          4         12        239
a          4          8        165
a          4          1        251
a          4          2        136
a          4         14        324
a          4          5        104
a          4         20        -69
a          4          6         66
a          4         11        205
a          4         19         63
a          4         17        243
a          4         18        159
a          5         17         81
a          5          8        -32
a          5         16        115
a          5         13         95
a          5         10       -102
a          5          1        108
a          5          9          5
a          5         18         14
a          5          2         -4
a          5          4        -86
a          5         11        -38
a          5         19        -58
a          5          6         -7
a          5         12        180
a          5         20       -286
a          5          7       -122
a          5         15       -142
a          5         14         15
a          5          3        -37
a          6          9        113
a          6         19        108
a          6          2        128
a          6          7       -120
a          6         17         19
a          6         11         39
a          6         15        -61
a          6         20       -297
a          6         16        -17
a          6         18        -41
a          6          5        -81
a          6         10         -6
a          6          3        -70
a          6         13         90
a          6         12        189
a          6         14        134
a          6          1        204
a          6          4       -130
a          6          8         14
a          7          1        237
a          7          6        -39
a          7         11         51
a          7          5        136
a          7         15        111
a          7         16         56
a          7          2        124
a          7         12        193
a          7         18         99
a          7         10        -27
a          7          9         47
a          7          8        134
a          7          4       -111
a          7          3        -73
a          7         13         99
a          7         19         -7
a          7         20       -216
a          7         17         63
a          7         14        146
a          8         10        -59
a          8         17        -17
a          8          1        142
a          8         14        151
a          8         15       -122
a          8          9         11
a          8          3       -127
a          8         19        -73
a          8          4       -245
a          8         13         -4
a          8         20       -319
a          8         18          1
a          8         11          1
a          8         16         -9
a          8          6        -38
a          8          2        -57
a          8          7       -180
a          8         12         18
a          8          5        -73
a          9         11        -15
a          9         14        100
a          9          1        118
a          9          4       -268
a          9         13        -76
a          9         16          5
a          9         18        -10
a          9          7        -47
a          9         10       -133
a          9          3       -145
a          9         12        -17
a          9          8        -97
a          9         15       -120
a          9          2        -81
a          9         17        -62
a          9         20       -329
a          9          6        -23
a          9          5         52
a          9         19         75
a         10         18        113
a         10          2         52
a         10         19        138
a         10         16         84
a         10          3         47
a         10          5         20
a         10         12         68
a         10         11        -47
a         10          1        193
a         10          9         84
a         10         20       -145
a         10         15         60
a         10         17        -34
a         10         14        101
a         10          7         28
a         10          4        -29
a         10          6         81
a         10          8         11
a         10         13         53
a         11         20       -201
a         11         13         16
a         11          1         54
a         11          2         49
a         11          6        -48
a         11          7        -71
a         11          4        -67
a         11         10        -23
a         11         15        -49
a         11         17        -79
a         11         12         62
a         11          9        -41
a         11         18        -84
a         11          8        -52
a         11         19         79
a         11         14         40
a         11         16         55
a         11          5        -85
a         11          3        -49
a         12          6       -130
a         12         16        -37
a         12         10       -193
a         12          5          3
a         12         19        -81
a         12          9        -58
a         12          1        -59
a         12          7        -53
a         12         20       -361
a         12          3       -200
a         12         13        -25
a         12         15        -62
a         12         18       -127
a         12          2        -60
a         12         17       -126
a         12         11        -48
a         12         14          6
a         12          4       -142
a         12          8       -111
a         13         17        -38
a         13         14         88
a         13         10        -50
a         13          5         24
a         13         20       -165
a         13         19         -5
a         13         15        -82
a         13          9        -22
a         13         12        -26
a         13          6         52
a         13         16         29
a         13          2        -10
a         13          7       -179
a         13          8          0
a         13          1        153
a         13         11        -75
a         13         18         16
a         13          3       -125
a         13          4       -212
a         14          9          0
a         14         20       -241
a         14         10       -114
a         14          4       -283
a         14          7       -193
a         14          3       -117
a         14         18        -92
a         14         19       -173
a         14         13          0
a         14         11        -89
a         14         12         -8
a         14         15       -211
a         14          5        -32
a         14          6       -202
a         14         17       -113
a         14         16       -109
a         14          1        -27
a         14          8        -40
a         14          2       -139
a         15          8         93
a         15          4       -100
a         15          3        -68
a         15          9        131
a         15          5         42
a         15         20       -187
a         15         10        114
a         15         14        102
a         15          7        -20
a         15          2        127
a         15         12        135
a         15         18         90
a         15          1        141
a         15         17        -31
a         15         11        120
a         15         19         45
a         15         13         38
a         15          6         26
a         15         16         70
a         16         10        -71
a         16         11         -6
a         16         20       -357
a         16          8         -8
a         16          4       -268
a         16         18        -74
a         16         13       -116
a         16         19        -39
a         16          1         68
a         16          2          8
a         16          7       -115
a         16         14         10
a         16         12         37
a         16          9        -66
a         16          6        -56
a         16         15       -157
a         16          3       -183
a         16          5       -103
a         16         17         17
a         17         16        -28
a         17          2          9
a         17         11         24
a         17         13         67
a         17          6       -107
a         17         19        -15
a         17         12          7
a         17          3       -179
a         17         15       -138
a         17          9         29
a         17          7       -112
a         17          8         67
a         17         10       -137
a         17         20       -185
a         17          5       -112
a         17         14         46
a         17          1        128
a         17         18        -33
a         17          4        -69
a         18         12        -22
a         18          3        -92
a         18         19         72
a         18          2         49
a         18         10       -120
a         18          6         22
a         18         20       -211
a         18         14         29
a         18          5       -111
a         18          7        -78
a         18         16        114
a         18         11         14
a         18         15       -144
a         18         13         48
a         18          8         76
a         18          9        -75
a         18          1        101
a         18         17        -83
a         18          4       -203
a         19         16         85
a         19         15         -2
a         19          7        -89
a         19         12         -4
a         19         13         34
a         19          5         39
a         19         10        -32
a         19         11         69
a         19          4        -86
a         19         18        102
a         19          3       -158
a         19         17         24
a         19          9        108
a         19         14        156
a         19          6         63
a         19         20       -292
a         19          1         73
a         19          8         54
a         19          2         71
a         20         14        301
a         20         13        220
a         20         19        236
a         20          1        377
a         20         16        246
a         20          5        274
a         20          7         81
a         20         15        128
a         20          3        187
a         20         17        305
a         20          2        267
a         20         10        229
a         20         11        291
a         20          8        207
a         20          9        254
a         20         18        141
a         20         12        311
a         20          6        276
a         20          4         41
