c Strong graph for shortest paths problem
c extended DIMACS format
c
t strong-graph-20-380
c
p sp       20       380
c
n          1
c
a          1         11        174
a          1         18        183
a          1          4        135
a          1          8        -17
a          1         13        -85
a          1          7        298
a          1         17        -97
a          1          2        164
a          1         19        165
a          1         15         39
a          1         16         65
a          1          5         -8
a          1         12        278
a          1         14         40
a          1         20         19
a          1         10         85
a          1          3        250
a          1          9        156
a          1          6        -78
a         14          1        -19
a         14         13       -109
a         14         19         84
a         14          7        274
a         14          9         67
a         14          6       -152
a         14          5        -77
a         14          8        -54
a         14          2        100
a         14         12        187
a         14         10        141
a         14         11         81
a         14         18         99
a         14         15        -16
a         14         20         35
a         14          4          2
a         14         16         -6
a         14         17        -50
a         14          3        201
a         13          6        -14
a         13         20        113
a         13         15         71
a         13          3        289
a         13          7        405
a         13         11        262
a         13         17         22
a         13         18        246
a         13         12        294
a         13          9        246
a         13          2        319
a         13         14        138
a         13         10        232
a         13          5        126
a         13         16        156
a         13          1        165
a         13         19        292
a         13          4        154
a         13          8         69
a          2          6       -185
a          2         16        -37
a          2          1        -74
a          2         12         60
a          2         13       -195
a          2         15       -146
a          2          3        136
a          2          9         39
a          2          4        -98
a          2         20        -56
a          2          7        163
a          2         10         28
a          2         19          0
a          2         17       -229
a          2         18        -17
a          2         11         29
a          2         14        -39
a          2          5        -91
a          2          8       -172
a         12          1       -199
a         12          3         97
a         12         11        -12
a         12         14       -111
a         12         18        -74
a         12         17       -280
a         12         16       -163
a         12          4        -64
a         12         19         13
a         12         13       -223
a         12          8       -253
a         12          7         56
a         12          6       -217
a         12          5       -142
a         12         10        -39
a         12          2        -47
a         12         15       -196
a         12          9       -100
a         12         20       -146
a         15         19        142
a         15          6        -66
a         15          9        177
a         15         16        100
a         15          7        286
a         15          3        313
a         15         13         -3
a         15          1         50
a         15         12        233
a         15         11        182
a         15          5         26
a         15          4         85
a         15         20         26
a         15          2        206
a         15         14         86
a         15         18        175
a         15         17        -83
a         15         10        119
a         15          8        -16
a         17          1        161
a         17          5         67
a         17         15        138
a         17          8        102
a         17         10        273
a         17          6        -15
a         17          7        450
a         17         11        298
a         17         19        281
a         17         13         30
a         17         14        175
a         17          9        261
a         17          3        327
a         17         18        285
a         17          2        337
a         17         12        320
a         17         20        147
a         17         16        137
a         17          4        230
a          5          8        -38
a          5         11        159
a          5         17        -32
a          5          9        177
a          5          6        -57
a          5         10        127
a          5         18        198
a          5          1         78
a          5         14         87
a          5         15         33
a          5         20         87
a          5         16        135
a          5          4        179
a          5         12        333
a          5          7        321
a          5          2        276
a          5         13        -17
a          5         19        237
a          5          3        256
a         20          1         30
a         20         17        -26
a         20          6        -39
a         20         14         75
a         20          9         94
a         20          3        276
a         20         15         73
a         20          7        282
a         20          5         32
a         20          2        194
a         20         19        131
a         20         11        163
a         20         10        165
a         20          4         66
a         20         12        244
a         20         16         46
a         20         18         86
a         20          8        -56
a         20         13         -1
a         18          5       -131
a         18          4        -54
a         18         11         61
a         18         19         41
a         18          3        194
a         18         10        -17
a         18         14        -32
a         18          7        206
a         18         15        -40
a         18         13       -144
a         18          1        -51
a         18          9         29
a         18         12        107
a         18         20        -66
a         18          8        -92
a         18         17       -190
a         18          2         77
a         18         16          9
a         18          6       -136
a         19         15        -45
a         19          8       -133
a         19         10        -19
a         19         14          2
a         19         17       -121
a         19          5        -86
a         19          6       -146
a         19         11         42
a         19         16        -35
a         19          7        151
a         19          9         14
a         19          3         80
a         19         12         86
a         19         13       -181
a         19          4          2
a         19         20        -42
a         19          1        -95
a         19         18         40
a         19          2         89
a          9         15        -60
a          9         12        112
a          9          7        161
a          9         18         79
a          9          2         76
a          9         16        -84
a          9          5        -47
a          9          4        -43
a          9          6       -156
a          9         14          7
a          9          3        190
a          9         17       -177
a          9          1        -39
a          9         13       -172
a          9         10         -9
a          9         19         94
a          9         20        -36
a          9          8       -175
a          9         11         31
a         11         17       -218
a         11         18         55
a         11          8       -185
a         11         14        -56
a         11          3        130
a         11         16        -50
a         11         13       -183
a         11          6       -201
a         11          4        -67
a         11          2         85
a         11          9         42
a         11         10         16
a         11          5       -148
a         11         12        144
a         11          7        202
a         11         20        -11
a         11          1       -104
a         11         15        -78
a         11         19          5
a          3         16        -92
a          3         20       -110
a          3          7        109
a          3         18        -37
a          3          9        -86
a          3         12         26
a          3          4       -134
a          3          6       -311
a          3         19         19
a          3          2        -13
a          3          8       -183
a          3         17       -296
a          3         15       -205
a          3         10        -76
a          3         14       -140
a          3         11         -2
a          3          5       -219
a          3          1       -165
a          3         13       -249
a          4          8        -99
a          4         14         91
a          4          5        -49
a          4         18        128
a          4         15         -3
a          4         12        212
a          4         13        -52
a          4         16         32
a          4         17        -85
a          4         19         95
a          4          2        115
a          4          1         -1
a          4         11        154
a          4          7        278
a          4          3        180
a          4         20         19
a          4          9        153
a          4         10         97
a          4          6       -139
a          6         19        316
a          6         15        101
a          6          3        325
a          6          8         74
a          6         14        218
a          6          9        295
a          6          5         81
a          6         17         58
a          6         16        141
a          6          7        437
a          6         12        409
a          6          4        185
a          6         18        297
a          6         11        285
a          6         10        238
a          6         20        132
a          6         13         47
a          6          1        198
a          6          2        321
a          8          5         67
a          8          7        332
a          8          6         13
a          8         15         80
a          8          2        296
a          8          9        186
a          8         16        127
a          8         10        206
a          8         13         55
a          8         11        277
a          8         17         22
a          8         14        209
a          8         19        205
a          8          4        195
a          8         12        306
a          8         20        136
a          8         18        224
a          8          3        308
a          8          1        149
a          7         17       -316
a          7         11       -104
a          7         14       -172
a          7         15       -183
a          7          6       -366
a          7         10        -75
a          7          4       -180
a          7          8       -274
a          7          9       -129
a          7          1       -182
a          7          5       -212
a          7         20       -212
a          7         18        -72
a          7         16       -198
a          7         13       -331
a          7         12         15
a          7         19       -120
a          7          2        -36
a          7          3         24
a         10          7        195
a         10          9        107
a         10          8       -130
a         10          1        -11
a         10          6       -113
a         10         19        101
a         10         13        -92
a         10         14         -2
a         10          3        123
a         10          2        127
a         10         15        -83
a         10          5        -72
a         10         12        171
a         10          4         14
a         10         16        -12
a         10         20        -36
a         10         11         80
a         10         17       -172
a         10         18         98
a         16          1         30
a         16          2        150
a         16          7        323
a         16         12        234
a         16          9        146
a         16         19        187
a         16          8        -36
a         16         11        112
a         16         17        -76
a         16         20         60
a         16         14         56
a         16         15         24
a         16         18        136
a         16         10         80
a         16          4         48
a         16         13        -53
a         16          3        214
a         16          5        -30
a         16          6        -78
