c Strong graph for shortest paths problem
c extended DIMACS format
c
t strong-graph-48-1152--9486
c
p sp         48       1152
c
n          1
c
a          1         12       -205
a          1          3        -89
a          1         45       -199
a          1         25       -269
a          1          7       -272
a          1         22       -268
a          1         34       -169
a          1         41       -255
a          1          2        -40
a          1         15       -189
a          1         30       -225
a          1         24       -290
a          1         27       -267
a          1         14       -255
a          1         11       -184
a          1         20       -160
a          1         26        -92
a          1         44       -258
a          1         29       -243
a          1         10       -153
a          2         15       -170
a          2         30       -133
a          2         29       -208
a          2         39        -54
a          2         47       -102
a          2         20        -25
a          2          6       -180
a          2         28       -180
a          2          3       -106
a          2         45       -158
a          2         25       -222
a          2          1         34
a          2          9        -14
a          2         22       -157
a          2         48        -56
a          2         16        -73
a          2          4       -276
a          2         12       -174
a          2          7       -174
a          3         32       -236
a          3         30        -84
a          3         23        -96
a          3          7        -77
a          3         39       -188
a          3         14          2
a          3         38        -92
a          3         29       -150
a          3         18       -211
a          3         28        -70
a          3         45        -81
a          3         34        -17
a          3         36        -81
a          3          5       -117
a          3         48        -92
a          3         27       -115
a          3         31         32
a          3         44        -96
a          3         35         -4
a          3         10        -67
a          3         41        -74
a          3          1          9
a          3         33       -161
a          3          4       -191
a          4         17        142
a          4          6         56
a          4         15          1
a          4          3        225
a          4          7        152
a          4         32        -90
a          4         34        124
a          4         38        152
a          4         20        283
a          4         18        -53
a          4          5         14
a          4         26        128
a          4         11         14
a          4         27          4
a          4          8         -6
a          4         30          9
a          4         41         88
a          4         37        -44
a          4         19        -62
a          4         14         21
a          4         39        139
a          5          6       -115
a          5         33          0
a          5         17        114
a          5         26        236
a          5         23        172
a          5         21         59
a          5         31        219
a          5         27         87
a          5         37       -119
a          5         45         41
a          5         13        -40
a          5         10          7
a          5         35        143
a          5         46        149
a          5         48         85
a          5         15        -37
a          5         14         65
a          5         28         36
a          5         19         15
a          5         24         11
a          5          3        232
a          5         41         -7
a          5          9        144
a          5         20         95
a          6          7         12
a          6         34         91
a          6         17        273
a          6         43         51
a          6         41         32
a          6          2        287
a          6          3        301
a          6         26        242
a          6         18        -95
a          6          8         -5
a          6         22          6
a          6         40         78
a          6         24         18
a          6         11         48
a          6         44         63
a          6         12         16
a          6         47          7
a          6         36        132
a          6         46        111
a          6         16        245
a          6         10        -18
a          6         29         71
a          6         25        113
a          6         30        155
a          6         32         39
a          6         15        145
a          6          9        205
a          7         22       -115
a          7         37        -63
a          7         47        -22
a          7         39        -32
a          7          6        -57
a          7         27         36
a          7         34        139
a          7         13        -67
a          7         19        -54
a          7         44        -25
a          7         46         61
a          7         31        161
a          7         20        225
a          7          2        152
a          7          9        249
a          7          1        260
a          7          3        193
a          7         24        -59
a          7         23         21
a          7         32       -205
a          7         25         52
a          7         35        154
a          7         36        125
a          7         15         29
a          7          8         60
a          8         43        -59
a          8         28         80
a          8         17        193
a          8         18        -74
a          8         36        -20
a          8         35        198
a          8         27         93
a          8         11          2
a          8         12         19
a          8         41          6
a          8         32       -116
a          8         10        -12
a          8         40         83
a          8         46        136
a          8         45         55
a          8          9        126
a          8          2        123
a          8         34        198
a          8         24         47
a          8         25         12
a          8          1        204
a          8         31        217
a          9         36       -153
a          9         30       -209
a          9         16        -89
a          9         38        -43
a          9         19       -237
a          9         10        -84
a          9          3         21
a          9         24       -238
a          9         47       -145
a          9         20         48
a          9          7       -133
a          9         41       -104
a          9         17        -37
a          9         23       -162
a          9         27        -82
a          9          6       -221
a          9         40       -253
a          9         28       -148
a          9          8       -175
a         10         44        -76
a         10         45        115
a         10         19        -26
a         10         34        124
a         10          9        198
a         10         23         47
a         10         20         94
a         10         11        -37
a         10          8         71
a         10         28        -12
a         10         46          3
a         10         36         44
a         10         31        188
a         10          1        309
a         10         40         67
a         10         12        -39
a         10         15        -10
a         10         30        -46
a         10         47        -36
a         10         41         15
a         10          5         25
a         10         39        -50
a         10         27         76
a         11         39         81
a         11         10         -7
a         11          5       -110
a         11          2        119
a         11         38         94
a         11         32        -57
a         11          3         84
a         11         13        -61
a         11         12       -133
a         11         27        -11
a         11         29        -38
a         11         37       -193
a         11         23        113
a         11         19       -113
a         11         36         31
a         11         41        -37
a         11         28         23
a         11         46        108
a         11         16         82
a         12         30         72
a         12         32        -90
a         12         24         28
a         12         48        162
a         12         23         41
a         12         35        162
a         12         25        -35
a         12          6         -9
a         12         42       -126
a         12         46        137
a         12          9        295
a         12         36        117
a         12         16        120
a         12          4        -22
a         12         40        -57
a         12         41         64
a         12         37         -4
a         12         10        -58
a         12         44         59
a         12         13         29
a         12         27          9
a         13         14        149
a         13         43         39
a         13          9        119
a         13         11        116
a         13         24         95
a         13         41        -69
a         13         34        194
a         13         44        137
a         13         22         55
a         13         26        141
a         13         31        216
a         13         27         81
a         13         45        111
a         13         30        159
a         13         32         37
a         13          5         90
a         13         48         33
a         13          6        -20
a         13          1        296
a         13          8         36
a         13         19        -25
a         13         40        110
a         13         28        -29
a         13         10         27
a         14          6         -8
a         14         10        -22
a         14         43        -62
a         14         46        -45
a         14         23        -14
a         14         36        -41
a         14         27        -47
a         14          1        279
a         14          8        -36
a         14          4          6
a         14          3        135
a         14         31         29
a         14         35        118
a         14         15         -7
a         14         11        -26
a         14         33        -69
a         14          7         37
a         14         16        -15
a         14         40        -82
a         14         24       -154
a         14         41        -65
a         14         34         12
a         14         21        109
a         14         26        136
a         14          9        156
a         15         37        -63
a         15         41         29
a         15          3        170
a         15         16        167
a         15         38        149
a         15          5         33
a         15         39        123
a         15         23         41
a         15         25          8
a         15         32       -124
a         15         13         12
a         15          7         26
a         15         12         56
a         15         28        -86
a         15          1        147
a         15         24         14
a         15         29          1
a         15          9        117
a         15         44         -2
a         15         27         -9
a         15         26         69
a         15          4        -81
a         15         19         11
a         15         22       -118
a         16         17         96
a         16         44         -3
a         16         33       -232
a         16         47        -53
a         16         14        -56
a         16         11       -150
a         16         45        -29
a         16         23       -167
a         16         41       -207
a         16         21        -36
a         16          5       -108
a         16          4        -95
a         16         39       -134
a         16         25       -127
a         16          9        -35
a         16         48        -19
a         16          6        -83
a         16         26         18
a         16         19       -168
a         16         30       -159
a         16         27       -143
a         16         42       -234
a         16         31         83
a         16         46        -72
a         17         39        -99
a         17         25        -74
a         17         16         36
a         17         24       -216
a         17          2         73
a         17         29       -199
a         17         31         39
a         17         23       -164
a         17         45        -69
a         17          7       -209
a         17         41       -256
a         17         36       -118
a         17         18       -325
a         17         48       -138
a         17          4        -80
a         17          6       -208
a         17         35        -13
a         17         44        -81
a         17         15        -41
a         17         10        -58
a         17         20        -54
a         17         13       -267
a         17         32       -190
a         17         19       -117
a         17          3         18
a         17         34        -95
a         17         40        -46
a         18         10        170
a         18         21        142
a         18         37         16
a         18         32         90
a         18         20        253
a         18          3        261
a         18         15         52
a         18         13          0
a         18         30        141
a         18          6        -43
a         18         34        138
a         18         19        -55
a         18         16        312
a         18         36         89
a         18          7        208
a         18          4        130
a         18         12         52
a         18         38        190
a         18         47         43
a         18         27         40
a         18         29         71
a         18          1        421
a         18         42        -48
a         18         41        182
a         18          8        124
a         19         36        152
a         19         14         42
a         19         39         93
a         19         40        155
a         19          8         93
a         19         22        -27
a         19         32        -11
a         19         13        107
a         19          1        200
a         19         37        -73
a         19          3        145
a         19         20        161
a         19          5         51
a         19         16        206
a         19         28         58
a         19         15         64
a         19          9        231
a         19         33         17
a         19         46         48
a         19         42        -75
a         19         23         18
a         19         25        165
a         19         34        241
a         19         31        251
a         19          6         35
a         19         48         47
a         19         41         69
a         20         19       -227
a         20         33       -134
a         20         24       -228
a         20         31         58
a         20         34        -71
a         20         29       -290
a         20         43       -230
a         20          5       -153
a         20         17         59
a         20         47       -169
a         20         45       -102
a         20         27       -236
a         20         46        -61
a         20          1         44
a         20         30        -88
a         20          2        109
a         20         32       -329
a         20          7       -136
a         20         25       -185
a         20         36       -127
a         20          3        -63
a         20         23        -79
a         20         22       -193
a         20         14       -100
a         20         21          3
a         20         18       -304
a         20         42       -133
a         20         10       -119
a         20         11       -115
a         20         26        -38
a         21          6       -249
a         21         11        -64
a         21         35         28
a         21         13        -64
a         21         34         84
a         21         39         25
a         21         37       -116
a         21         46        -43
a         21         44        -65
a         21         15        -40
a         21         43       -164
a         21          3        -57
a         21         14       -112
a         21         29       -151
a         21         48        -13
a         21         17         30
a         21         26         36
a         21          4       -114
a         21         41       -205
a         21         40       -183
a         21         19       -239
a         21         45         24
a         21         22       -179
a         22         23        121
a         22         12        -74
a         22         31         46
a         22         14        158
a         22          2        290
a         22          8         93
a         22          3        179
a         22         15        -15
a         22         24         52
a         22         42         27
a         22         27        -38
a         22         19        -91
a         22         45        114
a         22         10          1
a         22         20        121
a         22         21         37
a         22         18       -157
a         22         25        -24
a         22         16         86
a         22         46        139
a         22          1        305
a         22         29         19
a         22         40         -9
a         22          6       -136
a         22         13         -2
a         23         33        -76
a         23         17         47
a         23         10         69
a         23         24        -30
a         23          4       -140
a         23         30        -54
a         23         43       -148
a         23         26         86
a         23         18       -184
a         23         15          9
a         23          6       -168
a         23          9         78
a         23         27        -57
a         23         46        -74
a         23         39          3
a         23          8        -58
a         23         48          2
a         23         47        -82
a         23         42       -112
a         23          5       -155
a         23         41        -65
a         23         20         83
a         23          3         79
a         24         25        -28
a         24         28        -11
a         24         35        129
a         24         46        -33
a         24          6         25
a         24         26        181
a         24         20        201
a         24          8        114
a         24         15         95
a         24          3        139
a         24         19         10
a         24         29         -7
a         24          7         41
a         24         32         34
a         24         36        126
a         24         34        208
a         24         18        -72
a         24          1        165
a         24         42       -112
a         24         23         97
a         24         21        109
a         24         44         74
a         24         48        172
a         25         44        -76
a         25         35        190
a         25         22       -103
a         25         16         91
a         25         15        -24
a         25         33         15
a         25         39        135
a         25         20        100
a         25          3        212
a         25         19         25
a         25         31         57
a         25         32        -27
a         25          7        -78
a         25         26        128
a         25         29        -29
a         25         40        -48
a         25         17         79
a         25         24        -53
a         25         41        -40
a         25         42         -5
a         25         14         55
a         25         45        122
a         25         37        -26
a         25          5         40
a         25         18       -210
a         25          8        -59
a         25         27       -107
a         26         19       -227
a         26         23        -53
a         26         15        -54
a         26         24       -100
a         26         42       -232
a         26          8       -194
a         26         45       -111
a         26         14       -105
a         26         34        -96
a         26         27       -215
a         26          4       -113
a         26         39       -146
a         26         43       -231
a         26         21        -82
a         26         22       -257
a         26         29       -255
a         26         25        -88
a         26         31        -14
a         26          3         34
a         26         30       -153
a         26         10        -43
a         26         44        -48
a         26         17         63
a         27         36        -37
a         27         39        -38
a         27          5         58
a         27          1        280
a         27         44        104
a         27         42        -55
a         27         30        -23
a         27         45        133
a         27         38         97
a         27         19         -1
a         27         14         78
a         27         41         10
a         27         43        -72
a         27         48        131
a         27         33        -62
a         27         28         12
a         27         34        181
a         27         10        -51
a         27         46         27
a         27         21        162
a         27         23         46
a         27          3        205
a         27          6       -126
a         27          7        -67
a         27         13         47
a         27          4         44
a         27         26        145
a         28          9        226
a         28         38        189
a         28         34         54
a         28         14        -13
a         28          6         16
a         28         42       -159
a         28         48         -6
a         28         23        -60
a         28         21        123
a         28         15          0
a         28         27        -20
a         28          7         35
a         28         25          4
a         28         29       -160
a         28         19       -119
a         28         20         90
a         28         11        -20
a         28          8        -95
a         28          4        -53
a         28         12         52
a         28         30         27
a         28         10         73
a         28         40        -76
a         28         37       -203
a         28         44        -42
a         29          5         64
a         29         42        -67
a         29         26        291
a         29         10         66
a         29         13         31
a         29          4         28
a         29         22        -27
a         29         38        228
a         29         39         25
a         29          9        228
a         29          6          0
a         29         41        153
a         29         30         37
a         29         32        -82
a         29         23         95
a         29         37        -16
a         29          1        391
a         29         46        185
a         29          2        334
a         29         15         11
a         29         43        -64
a         29          3        305
a         29         48        215
a         29          8         -4
a         29         11         92
a         30         44        -85
a         30         12        -19
a         30         18       -244
a         30         31        122
a         30         27        -19
a         30         19        -75
a         30         23       -109
a         30          8        -94
a         30          1        230
a         30         37        -49
a         30          9         69
a         30         21         49
a         30          4       -188
a         30         41       -116
a         30         28        -65
a         30         25         37
a         30         32       -165
a         30          3        116
a         30         16        122
a         30         42       -155
a         30         14         12
a         30         24         -8
a         30         29        -82
a         31         22       -234
a         31         25        -37
a         31         23        -53
a         31          6       -124
a         31          1         45
a         31         34        -16
a         31         41       -148
a         31          5       -174
a         31          2        159
a         31         12       -175
a         31         26         -1
a         31         17        -11
a         31         36        -59
a         31         45       -111
a         31         28        -15
a         31         13       -238
a         31         19       -146
a         31         48        -40
a         31         21        -18
a         31         27       -176
a         31         20         84
a         31         24       -175
a         31         44       -139
a         31          7       -152
a         31         46        -47
a         31         42       -112
a         31         39        -10
a         31         14         -3
a         31         18       -152
a         31         32       -312
a         31          3         82
a         32          2        351
a         32          3        179
a         32         35        284
a         32         40        179
a         32         23        105
a         32          9        213
a         32         11        152
a         32         22         76
a         32         48        119
a         32         29          5
a         32         18         75
a         32         13        -37
a         32         31        304
a         32         33         11
a         32         38        148
a         32         34        135
a         32         39        128
a         32         20        218
a         32          5         -2
a         32         25         92
a         32          1        342
a         32         24         20
a         32         28         93
a         32         21        243
a         33         26        102
a         33          1        298
a         33         38        256
a         33          4         83
a         33         37        -30
a         33         23        102
a         33         48        110
a         33         46        128
a         33         43        -11
a         33         17        153
a         33         25         -8
a         33          8         40
a         33         15         88
a         33         27         -2
a         33         28        149
a         33         34         86
a         33         11         93
a         33         19       -101
a         33         45         61
a         33         21        234
a         33         44         25
a         33         14         76
a         34         13       -112
a         34         30       -145
a         34         10       -114
a         34         15       -167
a         34         40        -16
a         34         39       -127
a         34         32       -194
a         34         28        -30
a         34         45        -81
a         34         27       -200
a         34         48        -95
a         34         33       -175
a         34          7        -14
a         34         31        -47
a         34         18       -261
a         34         24        -68
a         34         35        112
a         34          1        214
a         34         25       -143
a         34         19       -153
a         34          6       -175
a         34         23         21
a         34         26         66
a         34         17         -4
a         34          2        132
a         34         41        -56
a         35          5       -165
a         35         30       -148
a         35         43       -221
a         35         41       -124
a         35         21         50
a         35         19       -112
a         35         34         35
a         35         29       -123
a         35         28       -180
a         35         32       -152
a         35         17        -64
a         35         22        -80
a         35         26         76
a         35         47       -225
a         35          2        142
a         35         13       -117
a         35         36       -146
a         35         33        -75
a         35         16        -85
a         35         37       -285
a         35         14       -128
a         35         44       -164
a         35         25       -159
a         35         31        -85
a         36         27       -153
a         36         44        -67
a         36          8        -81
a         36         14        -13
a         36         15        -91
a         36         39        -11
a         36         11        -46
a         36         40        -65
a         36         25        -50
a         36         10         26
a         36         19       -182
a         36         41        -57
a         36         38         57
a         36         26        150
a         36         20         48
a         36         30        -33
a         36         46        -31
a         36          9         69
a         36          5        -90
a         36         16        117
a         36         32       -125
a         36         37       -129
a         36         48        -10
a         36          7        -33
a         36         13        -93
a         36         22          4
a         36         29        -82
a         37         38        177
a         37         48        239
a         37          4         19
a         37         14        234
a         37          9        323
a         37         45        145
a         37         44         30
a         37         46         61
a         37          7        194
a         37         47         35
a         37          3        212
a         37         17        205
a         37         22         15
a         37          5         87
a         37         31        142
a         37         42         26
a         37          6        100
a         37         18         53
a         37          2        227
a         37         28         11
a         37         10        183
a         37         25        171
a         37         12        122
a         37         21        283
a         37         39         51
a         37         35        212
a         37         23         45
a         37         30        243
a         37         41         60
a         38         34        -28
a         38         48        -66
a         38         26         35
a         38         12       -190
a         38         29       -180
a         38          2         61
a         38         22       -195
a         38          8       -188
a         38         41       -188
a         38         47       -175
a         38          1        136
a         38         45       -157
a         38         20         60
a         38         14       -112
a         38         43       -222
a         38         25       -183
a         38         42       -283
a         38         39          2
a         38          5       -207
a         38         23        -13
a         38         10       -217
a         38          3        -43
a         38         44        -42
a         38          4       -133
a         38          9         95
a         39         48        -57
a         39         21         17
a         39         19        -75
a         39          3        185
a         39          2         73
a         39         22        -70
a         39         44        -34
a         39          6       -198
a         39          8         13
a         39         17         86
a         39         20        115
a         39         40       -139
a         39         27        -11
a         39         45         28
a         39         34        156
a         39         43       -192
a         39         26         91
a         39         24        -56
a         39         30         91
a         39         10       -116
a         39         31        132
a         39         35        160
a         39         29       -158
a         40          5          0
a         40         20        107
a         40         42        -67
a         40         17        154
a         40          6         -2
a         40          1        151
a         40         10        -69
a         40          9        179
a         40          3        227
a         40         38        133
a         40         22        -19
a         40         37        -86
a         40         13        -25
a         40         39          3
a         40         32       -168
a         40          2         99
a         40         23         85
a         40          8         45
a         40         35        221
a         40         41         60
a         40         14         79
a         41         34        158
a         41         27         79
a         41          1        155
a         41         31        110
a         41          3        173
a         41         19       -133
a         41         28         80
a         41         38         88
a         41         48        -27
a         41         12       -102
a         41         17         65
a         41         33         85
a         41         42       -132
a         41         43        -66
a         41         47        111
a         41         45         -1
a         41          8        -73
a         41         29       -145
a         41         44         23
a         41         11        -35
a         41         20        273
a         41          4         57
a         41          7        -42
a         41          6        -68
a         41         15          8
a         41         21         48
a         41         35        233
a         42          1        277
a         42         10        109
a         42         26        111
a         42         44        116
a         42         34         69
a         42         11         12
a         42         20        140
a         42         41         56
a         42         31        231
a         42         29        -68
a         42         28         76
a         42         43         10
a         42         45        199
a         42          7        123
a         42         14         74
a         42         22        -65
a         42          9        160
a         42         12         43
a         42          5         16
a         42          8         54
a         42         17        243
a         42         13        111
a         42         40        125
a         42         19        -56
a         42         46         -5
a         43         46        187
a         43         37         62
a         43         32        -96
a         43         44        107
a         43          5        -43
a         43          8         32
a         43         27        115
a         43         48        208
a         43         31        286
a         43         11         45
a         43         10         71
a         43          2        243
a         43         35        222
a         43         45        138
a         43         18         32
a         43         22         14
a         43         19         21
a         43         13        -50
a         43          3        165
a         43         41        152
a         43         33         65
a         43         17        228
a         43          1        311
a         43         20        324
a         43         29         25
a         44         47         24
a         44         22         19
a         44         32        -84
a         44         46         37
a         44         31        140
a         44         29        -86
a         44         12        -38
a         44         13        -73
a         44         20        219
a         44         30         22
a         44          6        -61
a         44          3         44
a         44          9        240
a         44         34         62
a         44         10         68
a         44         38        166
a         44         39         15
a         44         21         70
a         44         45        113
a         44         24        -99
a         44          8         39
a         44         42        -45
a         45         34         45
a         45         20        174
a         45          1        112
a         45          7        -22
a         45         28       -109
a         45          9        195
a         45         13       -183
a         45         41         10
a         45         36        -90
a         45         46       -116
a         45         17        -21
a         45         30         31
a         45         40        -26
a         45         19       -198
a         45         44        -47
a         45         27       -140
a         45         23         21
a         45          6       -154
a         45         25         18
a         45         31         86
a         45         42       -210
a         46         21        124
a         46         28        -11
a         46         14        100
a         46         47        -58
a         46         25          0
a         46         48        -64
a         46         12        -84
a         46          1        208
a         46          6        -12
a         46         38        141
a         46         29       -162
a         46          3         51
a         46         10        -47
a         46         34          5
a         46         44        -87
a         46         35        201
a         46         15         15
a         46          8        -21
a         47         41          8
a         47         12        -19
a         47         34        155
a         47         10        -77
a         47          3         45
a         47         19       -148
a         47         30        123
a         47         27        -90
a         47          5        -56
a         47         14         41
a         47         36        -14
a         47         39         49
a         47         20        191
a         47         17        122
a         47         40         -2
a         47         11         81
a         47         32        -98
a         47         48        -38
a         47          6       -102
a         47          1        256
a         47         33        -45
a         47          7        -58
a         47         46        105
a         47          8       -117
a         47         44        -88
a         48         44       -134
a         48         16        149
a         48         18       -241
a         48         14        -77
a         48         17        175
a         48          8        -60
a         48          1        136
a         48         22       -125
a         48         12         26
a         48         45         93
a         48          5       -114
a         48         21        -39
a         48         20        124
a         48         26         -6
a         48         47        -60
a         48         23         31
a         48         40         13
a         48         46         57
a         48          4       -181
a         48         13        -90
a         48         36        -58
a         48         32       -202
a         48         38         98
