c Strong graph for shortest paths problem
c extended DIMACS format
c
t strong-graph-36-648--5723
c
p sp         36        648
c
n          1
c
a          1          2        -24
a          1         28       -246
a          1         22       -195
a          1          9        -98
a          1         21        -60
a          1         13       -369
a          1         27       -346
a          1         16        -38
a          1         10         -8
a          1         11        -62
a          1          3       -304
a          1          7        -72
a          1         15       -144
a          1         20       -215
a          1          8       -171
a          1         34       -146
a          1         19        -89
a          1         23       -153
a          1         32       -217
a          1         35        -87
a          1         26        -35
a          2          3        -19
a          2          5       -159
a          2          1        127
a          2          8       -179
a          2          9        -28
a          2         25        -38
a          2         31       -251
a          2         34        -72
a          2         10        -72
a          2         20       -117
a          2         28        -52
a          2         19         43
a          2         32       -256
a          2          4        -25
a          2         15        -13
a          2         17         21
a          2          7         22
a          2         13       -163
a          2          6       -218
a          2         35        102
a          2         11       -152
a          3          8         23
a          3         24         19
a          3          9        241
a          3         25        -59
a          3         10        142
a          3         32        -63
a          3         17         77
a          3         21        199
a          3         34         -8
a          3         31        -47
a          3          6        -37
a          3         13        -77
a          3         26         76
a          3          1        144
a          3         22        182
a          3          4         -7
a          3          5         71
a          3         28         11
a          3          2         62
a          3         29        -88
a          4         22         36
a          4         28        -59
a          4         31       -240
a          4         19         27
a          4          5        -77
a          4          2         11
a          4         20       -114
a          4         23        -70
a          4         11        -89
a          4         30         45
a          4         34        -52
a          4         32        -93
a          4         15        112
a          4         12         -2
a          4          6       -229
a          5         24        -48
a          5         14        -16
a          5         21        120
a          5         27       -172
a          5          4        113
a          5         25        -29
a          5          8        -42
a          5          3         38
a          5         18       -184
a          5         23        -39
a          5         15        -40
a          5         34        -39
a          5          2         23
a          5         19        -37
a          5         13       -102
a          5         28          5
a          5          7         46
a          5          6       -221
a          5         33         68
a          5         17         66
a          6          8         72
a          6         12         42
a          6         16        204
a          6         11        233
a          6         31         -9
a          6         29         29
a          6         23        200
a          6         19        219
a          6          3        128
a          6         33        106
a          6          7        116
a          6         30        147
a          6          1        330
a          6         36         86
a          6         14        195
a          6         26        251
a          6          4         79
a          7         10        -62
a          7         29        -58
a          7         25        -16
a          7         15        -24
a          7         30        -66
a          7         34        -44
a          7         31       -272
a          7         32       -231
a          7         23        -51
a          7         26         89
a          7          2        -10
a          7         17        -64
a          7          5         29
a          7          3        -51
a          7         21         -3
a          7          9         93
a          7         27       -268
a          7         22        -93
a          7          8        -89
a          7         36         52
a          7         20       -167
a          8          3         59
a          8         19         88
a          8          2          2
a          8         20        -92
a          8         25        -44
a          8         10         67
a          8          1        231
a          8         28        -35
a          8         29        -72
a          8         36        -33
a          8         24         66
a          8          6        -46
a          8          9        201
a          8          5         97
a          9         32       -175
a          9         11        -85
a          9          3        -86
a          9         10        -10
a          9          7         21
a          9         35          7
a          9          1         58
a          9         24        -87
a          9         28       -138
a          9         18       -200
a          9          2        -19
a          9          8        -88
a          9          6       -190
a          9         34       -169
a          9         30        -30
a          9         33       -136
a          9         27       -207
a          9          5        -25
a         10         12        -89
a         10         30        -31
a         10         22        -80
a         10         11        -37
a         10         34        -35
a         10         24         -6
a         10          3       -196
a         10         25        -16
a         10         27       -215
a         10         20       -296
a         10         36         -5
a         10          1         60
a         10         13       -291
a         10         31       -259
a         11          7         18
a         11         27        -40
a         11         16        204
a         11         33         40
a         11         18        -64
a         11          6       -115
a         11          2         52
a         11          5        -40
a         11          3       -114
a         11         22        113
a         11         14         14
a         11         31       -193
a         11         12         68
a         11         10        135
a         11         23         46
a         11          8       -116
a         11         17        -34
a         11          1        195
a         11         36         24
a         12         14        -92
a         12          3        -89
a         12         32        -47
a         12         28        -25
a         12         34          5
a         12          7         97
a         12         35         38
a         12         17        -65
a         12         29        -84
a         12         25        -46
a         12          4        -39
a         12         13       -130
a         12         20        -30
a         12         22         33
a         12          8         24
a         13          1        361
a         13         22        155
a         13         11        204
a         13          5        170
a         13         25         23
a         13         16        184
a         13          8         55
a         13          6         27
a         13          2        239
a         13         31       -119
a         13         27         74
a         13         20         38
a         13         14        186
a         13          9        205
a         13          4        182
a         13         26        351
a         13         19        220
a         14          3        -86
a         14         26        119
a         14         27        -82
a         14         21        149
a         14          1         98
a         14         20        -43
a         14         13       -106
a         14         22         51
a         14         30        -10
a         14         16        228
a         14         17         98
a         14         15         92
a         14         12         59
a         14         19         -5
a         14          8         30
a         14         25        -21
a         15         33        -70
a         15          8        -23
a         15         10          8
a         15         16         54
a         15         21         47
a         15         13       -262
a         15         36         69
a         15          5        -77
a         15         29        -80
a         15          2         24
a         15         28        -64
a         15         18       -117
a         15         24        -95
a         15          6       -104
a         15          3       -167
a         15         32       -244
a         15         17        -37
a         15         30        -28
a         15         34          0
a         15         22        -78
a         15         31       -207
a         15          4        -75
a         16         24       -198
a         16          3       -211
a         16         32       -230
a         16         31       -176
a         16         20       -192
a         16         22        -26
a         16         34        -26
a         16         26         47
a         16          2         27
a         16          9         48
a         16         17        -91
a         16          8       -229
a         16          7       -125
a         16         29       -178
a         16         11       -149
a         17         22         10
a         17         14         27
a         17         36         45
a         17          7        106
a         17         29        -95
a         17         26        187
a         17          8        -72
a         17         23         44
a         17         11         18
a         17         31       -202
a         17         19        -48
a         17          1        166
a         17          3         41
a         17         28       -116
a         17         21         28
a         17         34         80
a         17         18       -148
a         17         27       -103
a         17         24        -38
a         17         15         81
a         18         26        174
a         18         19         72
a         18          7         92
a         18          1        338
a         18         35        271
a         18         25        143
a         18         15        153
a         18         21        213
a         18          4        216
a         18         22        149
a         18         27        -75
a         18         23        107
a         18          5        204
a         18         16        205
a         18         10        178
a         18         13        -40
a         18         17        191
a         18         24         88
a         19         28       -112
a         19         25        -13
a         19         32        -20
a         19          6       -143
a         19         10         35
a         19         30        -36
a         19          1        108
a         19         33       -126
a         19         20        -53
a         19         23        -91
a         19         12        -45
a         19          8        -52
a         19         15         57
a         19         35         66
a         19         17        -98
a         19         18       -127
a         19          3         -3
a         19         14         -6
a         19         26        121
a         19         24        -78
a         20          8         78
a         20         30        108
a         20         26        297
a         20         14          5
a         20          1        203
a         20          3        145
a         20         17        202
a         20         32         71
a         20         29        176
a         20         21        269
a         20         34        123
a         20          6        -43
a         20         25         13
a         20         23         64
a         20         10        119
a         20          4        230
a         20          5         28
a         20         24        172
a         20          2        263
a         21         19        -41
a         21         31       -241
a         21         23       -157
a         21         15        -36
a         21          5       -199
a         21         26         13
a         21          8       -179
a         21         14       -200
a         21          6       -223
a         21         10       -112
a         21          7         50
a         21         12        -39
a         21         22        -59
a         21         11        -81
a         21         27       -158
a         21         18       -118
a         21         36        -67
a         21         13       -151
a         21          3       -162
a         22         13       -147
a         22         35         42
a         22         29        -74
a         22          7        -31
a         22         33       -147
a         22         32       -193
a         22          6       -228
a         22          5        -69
a         22         27       -129
a         22         12        -30
a         22          2        -19
a         22          4        -23
a         22         23         25
a         22         10         30
a         22         31       -185
a         23         36        -59
a         23         24        -44
a         23         32        -82
a         23         11         30
a         23         28         40
a         23          7        120
a         23          1        138
a         23         15         39
a         23         14        -97
a         23         30         57
a         23         25        -27
a         23          2         51
a         23          6       -136
a         23         27        -27
a         23         22         68
a         23          3        -60
a         24          5         88
a         24         35         62
a         24         10         -7
a         24          2         75
a         24          8          9
a         24          3       -103
a         24          6       -228
a         24         17        -88
a         24         14        -46
a         24         34        -39
a         24          9         35
a         24         23          6
a         24         25          2
a         24         12         69
a         24         21        125
a         24         13       -217
a         24         31        -56
a         24         22         97
a         25         26        167
a         25          5         87
a         25         11         -2
a         25          3        -70
a         25         27        -96
a         25         23        114
a         25         30         97
a         25          1        183
a         25         21         26
a         25         22        -20
a         25          7        158
a         25          6        -64
a         25         10         37
a         25         16        112
a         25         24        -31
a         26          2        -62
a         26         25        -67
a         26         12       -212
a         26         15        -70
a         26          7        -63
a         26         13       -161
a         26         24       -103
a         26          3       -190
a         26         27       -168
a         26          4        -36
a         26          6       -331
a         26         19       -197
a         26         23       -129
a         26          9        -30
a         26         11        -78
a         26         29       -121
a         26         10        -15
a         27         26        328
a         27          9        235
a         27         21        270
a         27         14          2
a         27         31        -49
a         27          7        130
a         27         15         61
a         27         17        205
a         27         20        -62
a         27          8        101
a         27          5        203
a         27         29         90
a         27         13         45
a         27         28        155
a         27          6        -22
a         27         10        211
a         27         32        -58
a         27         11        209
a         27          3        -27
a         27         25         46
a         27         16        192
a         28         19        -44
a         28         15        -39
a         28         32       -151
a         28         20        -37
a         28         18        -89
a         28         36         72
a         28         12        -35
a         28          9        152
a         28          3         26
a         28         27        -35
a         28         29         60
a         28         10        117
a         28         23         22
a         28         26        128
a         28         25        -30
a         28         14         34
a         28         30        143
a         28         11        -14
a         28         22         -5
a         29         35        139
a         29         12         36
a         29         28         79
a         29          3         81
a         29         18         10
a         29         30         96
a         29         31       -196
a         29         20       -140
a         29         33         61
a         29         19        112
a         29         34         -5
a         29         17        -47
a         29         27        -72
a         29         10        116
a         30          2        -94
a         30         26         35
a         30         34       -138
a         30         31       -296
a         30         21         99
a         30         25         11
a         30          6       -256
a         30         36         32
a         30         10        -63
a         30         22        -31
a         30         16        -17
a         30         28        -37
a         30         32       -134
a         30         19        -58
a         30         33       -154
a         30         14        -97
a         30          8        -98
a         30          1        177
a         30         17       -135
a         30         12        -43
a         30         20        -91
a         30         27       -177
a         30         13       -255
a         30          7         64
a         31         16        320
a         31          2        240
a         31         22        225
a         31         36        266
a         31         19        216
a         31         32         23
a         31         17        183
a         31         29        119
a         31          5        227
a         31         35        166
a         31         20         13
a         31         27        122
a         31         34         70
a         31         28         74
a         31         13         60
a         31          1        275
a         31          8        108
a         31         18        139
a         32          9        284
a         32         24         80
a         32         27         36
a         32          6         71
a         32         34        115
a         32         31        -40
a         32          7        176
a         32         14        136
a         32         10        187
a         32         33        136
a         32         23        104
a         32         18        -26
a         32          3         80
a         32          1        205
a         32         35        176
a         32         13        -59
a         32         19        195
a         32          8        140
a         32         29         65
a         32          2        187
a         32         22        224
a         32         30        176
a         32         20         34
a         33         23        105
a         33         15        -18
a         33         18        -61
a         33         10        186
a         33         24         67
a         33          4          3
a         33          7         -3
a         33          9        131
a         33          8        -88
a         33         12        130
a         33         34        -21
a         33         27       -168
a         33         20       -169
a         33         29        -18
a         34         27       -220
a         34         10        -22
a         34          8        -96
a         34          3       -141
a         34         12         60
a         34          4         89
a         34          9         73
a         34         15         37
a         34         35         79
a         34         24        -31
a         34          1        144
a         34         19         67
a         34         17        -86
a         34          6       -184
a         34         30        -37
a         34         13       -154
a         34         14        -46
a         34         31       -158
a         34         26         20
a         35         29       -156
a         35         14        -92
a         35         25        -92
a         35         20       -243
a         35          5        -77
a         35         19        -70
a         35          9        -48
a         35         36         10
a         35         23        -47
a         35          3        -65
a         35          1         98
a         35         34        -15
a         35         10        -54
a         35         24        -76
a         36          9         49
a         36          4         65
a         36          1        188
a         36         12         14
a         36         32       -133
a         36         30         -1
a         36         26        141
a         36         23       -118
a         36         31       -123
a         36         17        -12
a         36          6       -104
a         36          8       -134
a         36          5        -84
a         36         28        -13
a         36         10         40
a         36          3        -73
a         36         20       -243
a         36         14        -70
a         36         27        -58
a         36         13       -246
