c Strong graph for shortest paths problem
c extended DIMACS format
c
t strong-graph-20-92-1014
c
p sp         20         92
c
n          1
c
a          1         14         40
a          1          3        216
a          1          2        164
a          1         17        -97
a          1          8        -43
a          1         13        -85
a          1          7        337
a         14          5        -77
a         14         19         84
a         14         11         81
a         14         15        -16
a         14          2        100
a         14          4          2
a         13         14        138
a         13         16        198
a         13         15         71
a         13          3        378
a          2         10         10
a          2         12         60
a          2          3        136
a         12          7         56
a         12          9       -100
a         12          5       -162
a         12         13       -223
a         12          3         63
a         15         19        162
a         15          4        104
a         15         20         26
a         15         16        100
a         15          9        115
a         17         19        312
a         17         11        304
a         17         18        285
a         17          6        -15
a          5         18        142
a          5          8        -38
a          5         13         45
a          5          6        -57
a          5         15         32
a          5          4        169
a         20          1         30
a         20         18         86
a         18          7        226
a         18         10        -17
a         18         20        -13
a         18         19         41
a         19          6       -149
a         19         13       -164
a         19          3         80
a         19         20        -42
a         19          9         34
a          9         18         52
a          9         16        -84
a          9         10         -9
a          9          8       -160
a         11         18        -11
a         11         12        144
a         11          9        -11
a         11         17       -123
a          3          4       -134
a          3         19        -19
a          3         11         17
a          3          9        -10
a          3         20       -142
a          4          7        291
a          4         16          4
a          4          2        143
a          4          5        -49
a          4         12        178
a          4         11         86
a          6          1        163
a          6          5        156
a          6          7        437
a          6         16        189
a          6         19        259
a          6         17         68
a          8         19        214
a          8          3        355
a          8          9        186
a          8         20        102
a          7          2        -33
a          7          8       -274
a          7         10       -121
a         10         15        -67
a         10         14         35
a         10          3        128
a         10         11         80
a         10          6       -133
a         16          7        327
a         16         17        -76
a         16          8        -15
a         16         20         73
