c Strong graph for shortest paths problem
c extended DIMACS format
c
t strong-graph-20-380-93
c
p sp         20        380
c
n          1
c
a          1         14         -4
a          1          8        -72
a          1         12        -44
a          1          3         26
a          1         13         -6
a          1          6        -12
a          1         17        -97
a          1          2        216
a          1         15         76
a          1         16         41
a          1          9        185
a          1          4        -40
a          1         11        -41
a          1         19         12
a          1          7       -106
a          1         18         95
a          1          5        -18
a          1         10       -150
a          1         20        -85
a          2          5        -89
a          2          3        -44
a          2          8       -228
a          2         15         -6
a          2         17       -335
a          2          6       -119
a          2         20       -184
a          2         14       -133
a          2          9        -44
a          2         18         29
a          2          7       -280
a          2          4       -337
a          2         19        -80
a          2         12       -293
a          2         13       -142
a          2         11       -289
a          2          1       -211
a          2         10       -324
a          2         16       -104
a          3         10       -193
a          3         19        -90
a          3         18        134
a          3          6         22
a          3         15        214
a          3          8       -118
a          3          5        -77
a          3         14        -44
a          3          7         23
a          3          9         51
a          3          4       -174
a          3         13         33
a          3         17       -189
a          3          1        -39
a          3         16        -42
a          3         11       -139
a          3         12         24
a          3         20       -149
a          3          2        199
a          4         13        117
a          4          8        136
a          4         14        152
a          4         15        358
a          4         12        164
a          4         19        227
a          4         17        -72
a          4          7         48
a          4         10         26
a          4          2        259
a          4         18        170
a          4          6         63
a          4          9        303
a          4          5         19
a          4         16        238
a          4         20         16
a          4         11        126
a          4          1        192
a          4          3        210
a          5         14        152
a          5         13        -27
a          5         10        -38
a          5          4        -55
a          5          1         47
a          5          7        -84
a          5          2        164
a          5         12         62
a          5          3        126
a          5          8          3
a          5          9        154
a          5         16         89
a          5         20         -8
a          5          6        112
a          5         18        126
a          5         15        261
a          5         17       -105
a          5         11         22
a          5         19        130
a          6          8        -41
a          6         10        -77
a          6          3         42
a          6         11         46
a          6         12         14
a          6          5        -25
a          6         19        -63
a          6         13         61
a          6         16         17
a          6         17        -39
a          6          4       -119
a          6         18        139
a          6         20        -44
a          6          1         89
a          6          7        -42
a          6          9        233
a          6         15        200
a          6          2        248
a          6         14         73
a          7         20        -49
a          7         19        -11
a          7         12         23
a          7         10        -29
a          7          4        -82
a          7          5         94
a          7         11         94
a          7         17        -33
a          7          1         41
a          7         14        160
a          7         18        218
a          7          9        209
a          7         15        115
a          7          8         70
a          7          3         34
a          7         13        136
a          7         16        -18
a          7          6        -29
a          7          2        132
a          8          6         -8
a          8         15        242
a          8         12         48
a          8         14         39
a          8          1        133
a          8         13        159
a          8         16         60
a          8          2        262
a          8         17        -30
a          8         11         48
a          8         20         -4
a          8          3        105
a          8          4       -135
a          8          5         65
a          8         18        190
a          8         10       -110
a          8          7         -9
a          8         19        121
a          8          9        272
a          9          1       -102
a          9          3       -172
a          9          8       -289
a          9         11       -266
a          9          5       -178
a          9         20       -245
a          9          6       -177
a          9         18         11
a          9         10       -179
a          9         16        -72
a          9          7       -142
a          9         17       -253
a          9          4       -281
a          9          2         -4
a          9         15         30
a          9         19        -43
a          9         12       -262
a          9         14         12
a          9         13       -188
a         10         11         37
a         10         16        210
a         10          8         29
a         10         18        183
a         10         17        -78
a         10         19         50
a         10         15        171
a         10          2        161
a         10          6         70
a         10         13        140
a         10          5        -26
a         10          4        -53
a         10          9        114
a         10          1          0
a         10          3        180
a         10         14        128
a         10         20         83
a         10         12        -40
a         10          7          0
a         11          6         -5
a         11          4       -115
a         11         13         77
a         11         14        115
a         11         19         -2
a         11         12         26
a         11         18         36
a         11          1        -35
a         11         17        -42
a         11         15        125
a         11          3         41
a         11          7        -90
a         11         20         75
a         11          8        -67
a         11         16        120
a         11          2        148
a         11         10        -79
a         11          9        257
a         11          5        -73
a         12          8         17
a         12         19         20
a         12         16         97
a         12          1        118
a         12         15        144
a         12         11        -55
a         12         10        -26
a         12         14        203
a         12          3        160
a         12          6         70
a         12         20       -105
a         12          4        -31
a         12         17        -95
a         12         18        169
a         12         13        133
a         12          9        132
a         12          2        297
a         12          7        -12
a         12          5         -9
a         13          8        -47
a         13          9         43
a         13          1          8
a         13          3         69
a         13         18         27
a         13          5       -135
a         13         11        -95
a         13         17       -155
a         13         19        -91
a         13          6        -61
a         13          4        -86
a         13         20        -90
a         13         15        231
a         13          7        -91
a         13         12        -67
a         13         10       -177
a         13         14         -9
a         13          2         56
a         13         16        -61
a         14         16        -34
a         14          7        -13
a         14         20       -107
a         14          9         70
a         14          4       -247
a         14          2         94
a         14         19        -97
a         14          8        -39
a         14         13         12
a         14         11        -16
a         14         12       -130
a         14         10       -228
a         14          3         28
a         14          1        -91
a         14         18        120
a         14         15         75
a         14          5       -112
a         14          6        -38
a         14         17       -111
a         15         10       -135
a         15          1        -74
a         15         12       -300
a         15          9         12
a         15         11       -266
a         15         17       -332
a         15          5       -178
a         15         14        -23
a         15          7       -200
a         15          6       -266
a         15         20       -154
a         15          8       -177
a         15          4       -196
a         15         19       -229
a         15         18         -2
a         15         16       -146
a         15          2        -72
a         15         13       -145
a         15          3        -34
a         16         17       -130
a         16         19        -20
a         16          6        -91
a         16         20        -34
a         16          7          8
a         16          1       -133
a         16         11       -135
a         16         14        -60
a         16          9        133
a         16          5        -75
a         16         12       -155
a         16          4        -65
a         16          8        -19
a         16          2         59
a         16          3        -52
a         16         18         25
a         16         13         56
a         16         10        -89
a         16         15        169
a         17         14        210
a         17         20          6
a         17          9        366
a         17          8        114
a         17          6         34
a         17          7         23
a         17          5        127
a         17         10        117
a         17         11         54
a         17          3        227
a         17          4        -49
a         17         18        261
a         17         19        241
a         17          2        325
a         17          1         95
a         17         16        217
a         17         13        203
a         17         15        203
a         17         12        186
a         18          7       -168
a         18         20        -76
a         18         16        -53
a         18         19        -54
a         18          9         42
a         18         13          0
a         18         15         64
a         18         17       -265
a         18          2        -13
a         18          6        -52
a         18          8        -85
a         18         10       -225
a         18          3       -164
a         18          1        -39
a         18         12        -94
a         18          4       -126
a         18         11        -78
a         18         14         34
a         18          5       -158
a         19          4       -118
a         19         12        -77
a         19         17        -69
a         19          7        -71
a         19         16         69
a         19          9        158
a         19          6        -76
a         19         10        -17
a         19          8         22
a         19         13          6
a         19         15         70
a         19         20        -68
a         19          1         44
a         19          3        114
a         19         18        136
a         19          2         87
a         19         11        -48
a         19         14        128
a         19          5         40
a         20          1        106
a         20         13         16
a         20          5         70
a         20         14        118
a         20          9        192
a         20          2        241
a         20         12         78
a         20          7         17
a         20          4        -55
a         20         19        -21
a         20          6        -19
a         20          3         83
a         20         15        228
a         20         17        -40
a         20         10        -76
a         20          8        -40
a         20         16        113
a         20         11        -48
a         20         18        147
