c Strong graph for shortest paths problem
c extended DIMACS format
c
t strong-graph-20-380-353
c
p sp         20        380
c
n          1
c
a          1         19         35
a          1         13        -85
a          1         15         37
a          1         11        -34
a          1         17        -97
a          1         20        -74
a          1          6        107
a          1         16        148
a          1         18        127
a          1          8         31
a          1          5         11
a          1          7         -8
a          1          2        -56
a          1         14         40
a          1          3         52
a          1         12        180
a          1          9        135
a          1         10        -95
a          1          4       -191
a          2          1         36
a          2         13        -73
a          2         15       -131
a          2         19         10
a          2         18        228
a          2          3        154
a          2         20       -108
a          2         10         77
a          2         17       -177
a          2          8          6
a          2         11         29
a          2          5         56
a          2          6        176
a          2          4       -230
a          2         16        229
a          2         12         67
a          2          9        138
a          2         14         67
a          2          7         55
a          3         11        -79
a          3          6        -57
a          3         14       -117
a          3         20       -220
a          3         15       -146
a          3         12        -20
a          3         18         60
a          3          1       -127
a          3          4       -284
a          3         19       -183
a          3          9         26
a          3          7        -51
a          3          8          3
a          3         13       -184
a          3          2        -20
a          3          5       -109
a          3         10       -168
a          3         17       -291
a          3         16        137
a          4          7        137
a          4         15        187
a          4         13        -36
a          4          1        118
a          4         14        261
a          4          3        172
a          4          5        148
a          4         20        -38
a          4         10        220
a          4         19         18
a          4         11        154
a          4          9        157
a          4          8        140
a          4          2        102
a          4          6        203
a          4         17        112
a          4         16        302
a          4         18        321
a          4         12        268
a          5         14        -92
a          5         10       -129
a          5          2        -82
a          5          7        -86
a          5         20       -299
a          5          6         86
a          5          9         33
a          5         15       -186
a          5         17        -94
a          5          1        -69
a          5         16        163
a          5         13        -74
a          5         12        165
a          5          3         89
a          5          8       -101
a          5         11       -133
a          5         19       -147
a          5         18        132
a          5          4       -130
a          6         10       -126
a          6          5       -174
a          6          8       -148
a          6         17       -249
a          6         20       -403
a          6         16        -62
a          6         12         81
a          6          2        -43
a          6         15       -198
a          6         18        -16
a          6         11       -149
a          6          9         48
a          6          1        -66
a          6         14        -66
a          6         13       -172
a          6         19        -74
a          6          4       -267
a          6          7       -177
a          6          3        -37
a          7         13       -106
a          7          8         29
a          7         17       -148
a          7         15         31
a          7          5        100
a          7         10        -90
a          7         12        142
a          7          3         17
a          7          9         39
a          7         11        -80
a          7          6         18
a          7         16         68
a          7         18        181
a          7         19       -132
a          7         14          3
a          7          2         10
a          7          1         24
a          7         20       -265
a          7          4       -191
a          8         19        -93
a          8         15        -97
a          8         12         72
a          8         20       -263
a          8         10        -17
a          8          5         -4
a          8         11        -25
a          8         13       -104
a          8         16        108
a          8         18        188
a          8          4       -220
a          8          7        -75
a          8          3         68
a          8          1         34
a          8          9        108
a          8          6        124
a          8         14        113
a          8          2        -66
a          8         17       -123
a          9          5         24
a          9          8       -194
a          9          3        -47
a          9         15       -192
a          9         14        -35
a          9          1        -87
a          9         11       -138
a          9         20       -370
a          9         19        -42
a          9         17       -265
a          9         10       -188
a          9         12        -60
a          9          2       -187
a          9          6         42
a          9         16         25
a          9          7        -39
a          9         13       -273
a          9         18         80
a          9          4       -340
a         10         20       -131
a         10          7         91
a         10         17       -182
a         10         15         43
a         10          3        200
a         10          4        -46
a         10         18        258
a         10          6        201
a         10         13        -89
a         10          9        139
a         10         12         80
a         10          5         47
a         10         19         76
a         10          1         43
a         10          8        -31
a         10         16        159
a         10          2          1
a         10         11       -115
a         10         14         21
a         11         10         45
a         11         20       -119
a         11          8        -26
a         11          9         82
a         11         12        142
a         11          7         60
a         11         13        -58
a         11          3        172
a         11          6        140
a         11          2         66
a         11          4        -16
a         11         17       -159
a         11         14         28
a         11         15          2
a         11         19         85
a         11          5         10
a         11         18        129
a         11         16        198
a         11          1        -28
a         12          9        -15
a         12         13       -179
a         12         14        -86
a         12         11       -128
a         12         18          6
a         12          5         18
a         12         15        -91
a         12          3        -59
a         12          1       -221
a         12         17       -286
a         12         16         26
a         12          4       -171
a         12         19       -155
a         12          2       -123
a         12          7         -2
a         12          6        -22
a         12          8       -165
a         12         20       -359
a         12         10       -205
a         13         20         -9
a         13          3        170
a         13         16        246
a         13         15         43
a         13          1        145
a         13          7         26
a         13          6        314
a         13         10         92
a         13          2         81
a         13         14        150
a         13          9        175
a         13         18        303
a         13          5        193
a         13         11         -1
a         13          8        100
a         13         12        128
a         13          4        -87
a         13         19         75
a         13         17        -44
a         14          6         -2
a         14          2       -110
a         14          8         -2
a         14         20       -147
a         14         12         84
a         14          7        -50
a         14         11        -77
a         14         19       -155
a         14          5         75
a         14          4       -220
a         14         18        133
a         14          1        -97
a         14         13        -62
a         14          3        116
a         14         16         46
a         14         15       -148
a         14          9        135
a         14         17       -181
a         14         10        -34
a         15         12        164
a         15         14         39
a         15          4       -100
a         15          1          8
a         15         20       -156
a         15          7         60
a         15          8         68
a         15          3        102
a         15         18        252
a         15         11         69
a         15          9        203
a         15         19          0
a         15         17       -162
a         15          2         93
a         15         16        162
a         15         10        131
a         15          5         86
a         15         13        -87
a         15          6        163
a         16          6        -11
a         16         17       -206
a         16         20       -418
a         16          3       -105
a         16          1       -157
a         16         19       -176
a         16          9        -86
a         16         12        -26
a         16         14       -145
a         16          4       -360
a         16         18         -4
a         16         13       -333
a         16          5       -151
a         16          8       -125
a         16          7       -127
a         16         10       -146
a         16          2       -118
a         16         15       -249
a         16         11       -149
a         17         11        104
a         17          9        232
a         17          4         62
a         17         12        167
a         17         10         11
a         17         19         71
a         17         13         73
a         17          5         63
a         17          2        106
a         17          7         99
a         17         14        114
a         17          1        126
a         17          6        161
a         17         20        -23
a         17         15         -7
a         17         18        260
a         17          3        122
a         17          8        173
a         17         16        195
a         18          4       -365
a         18          5       -229
a         18         14       -196
a         18         20       -342
a         18          9       -165
a         18          7       -160
a         18          2       -147
a         18         11       -199
a         18          6         -3
a         18          1       -194
a         18          3        -84
a         18         16         44
a         18         10       -265
a         18         12       -155
a         18         15       -306
a         18         13       -239
a         18         17       -376
a         18         19       -135
a         18          8       -111
a         19          5        128
a         19         16        222
a         19          6        245
a         19          7         36
a         19          3         57
a         19         15         43
a         19          2         82
a         19          8         74
a         19          9        225
a         19         13        -46
a         19         11         63
a         19         14        138
a         19          1        -15
a         19          4        -41
a         19         18        309
a         19         17        -62
a         19         12         70
a         19         20       -216
a         19         10         30
a         20         14        207
a         20          8        151
a         20          4         10
a         20         19        160
a         20          6        382
a         20         16        307
a         20         10        215
a         20          7        130
a         20         13         64
a         20          9        295
a         20         12        309
a         20         15         97
a         20         11        209
a         20         17        143
a         20         18        272
a         20          5        287
a         20          3        326
a         20          1        213
a         20          2        202
