c Strong graph for shortest paths problem
c extended DIMACS format
c
t strong-graph-20-200--2534
c
p sp         20        200
c
n          1
c
a          1         17        -99
a          1          4       -336
a          1         13        -93
a          1         18        -80
a          1         15       -110
a          1          9        -52
a          1         20       -271
a          1         19        -88
a          1          8        -30
a          1         14        -30
a          1          2       -155
a          1          5       -105
a          2          5        -22
a          2         20       -314
a          2         19         71
a          2          9         81
a          2          7       -182
a          2         11         63
a          2          8          6
a          2         12        -30
a          2         13         31
a          2         14        102
a          2          4        -68
a          2         18         40
a          2          3        -50
a          3          2         60
a          3          1        270
a          3         15         16
a          3          6        148
a          3         19        163
a          3         11        -10
a          3         13        127
a          3          4       -114
a          3         20       -169
a          4          7        153
a          4         16        149
a          4         19        245
a          4         18        145
a          4          6         91
a          4          2        229
a          4          9        109
a          4          8         96
a          4          5        104
a          4         20        -69
a          4         12        229
a          4         13        104
a          5          8         76
a          5          9         62
a          5         18        -81
a          5         14        141
a          5          3       -155
a          5          1        130
a          5         19         66
a          5          6         -7
a          5         15       -120
a          6          7       -120
a          6          9         62
a          6         20       -138
a          6         16         39
a          6          3        -33
a          6         10        -82
a          6          4        -72
a          6         12         53
a          7          6        105
a          7         12        200
a          7         14        155
a          7         20        -84
a          7          5         60
a          7          3        -33
a          7          8        134
a          7          4       -165
a          7          2        112
a          8         14         98
a          8         15       -166
a          8          6        -31
a          8         20       -279
a          8          4       -202
a          8         18         80
a          8          5         51
a          8         10        -59
a          8         12        108
a          8          9         11
a          9         19       -108
a          9          3        -99
a          9         18        -10
a          9         10       -133
a          9          7       -192
a          9         20       -312
a          9          1        179
a          9         11        -81
a          9          2        -97
a         10          7         57
a         10         13         46
a         10         11        -47
a         10          5          2
a         10          4       -155
a         11          7        -67
a         11          8         86
a         11         16         25
a         11          9         86
a         11         15        -49
a         11         12         62
a         12          3       -182
a         12         19        -12
a         12         10       -212
a         12         16        -37
a         12         13        -25
a         12          6        -21
a         12          1        116
a         12          2         -6
a         12          9        -58
a         12          7       -170
a         12         17        -47
a         13         14         88
a         13         20       -256
a         13          3        -18
a         13         17        -96
a         13         12         61
a         13          7        -89
a         13          8          0
a         13          6        -83
a         13          9          0
a         13          4       -177
a         13          1         31
a         13          2        -10
a         13         19         24
a         14         18        -22
a         14         15       -211
a         14          2        -72
a         14          4       -240
a         14         10       -126
a         14         20       -373
a         14         11        -89
a         14         19        -91
a         14          8       -113
a         14         17       -166
a         14         12         -8
a         14          5        -15
a         15         14         46
a         15          8         -3
a         15         11         94
a         15          2         -5
a         15         20       -264
a         15         10         66
a         15          4       -100
a         15         16         70
a         15          7        -20
a         15          3         56
a         16          8       -102
a         16          7       -210
a         16          6        -63
a         16          3       -162
a         16         20       -229
a         16         17         17
a         17         10        -79
a         17         13        -63
a         17         15         30
a         17         16        104
a         17          3       -154
a         17          7         -6
a         17         11        -13
a         17         18        -33
a         17          6         16
a         17          2        -67
a         17          1         89
a         17         20       -223
a         17          4       -165
a         17         19        -15
a         18          3        -92
a         18         19         72
a         18          1         26
a         18          4       -221
a         18          6       -105
a         18         11         84
a         18         17        -17
a         18         20       -171
a         18          9         83
a         18         16         18
a         18         12        123
a         18         13         -1
a         19          7       -120
a         19         20       -292
a         19          5         38
a         19          9         26
a         19         12         99
a         19         14        112
a         19         11         64
a         19          2        -36
a         19         16        -59
a         19          3       -172
a         20         16        353
a         20         19        290
a         20          3        161
a         20          6        171
a         20         11        299
a         20         18        140
a         20         10        120
a         20          2        189
a         20         17        332
a         20          1        377
